120 900
122 900
124 900
126 900
128 900
130 900
132 900
134 900
136 900
138 900
140 900
142 900
144 900
146 900
148 900
150 900
152 900
154 900
156 900
158 900
160 900
162 900
164 900
166 900
168 900
170 900
172 900
174 900
176 900
178 900
180 900
182 900
184 900
186 900
188 900
190 900
192 900
194 900
196 900
198 900
200 900
202 900
204 900
206 900
208 900
210 900
212 900
214 900
216 900
218 900
220 900
222 900
224 900
226 900
228 900
230 900
232 900
234 900
236 900
238 900
240 900
242 900
244 900
246 900
248 900
250 900
252 900
254 900
256 900
258 900
260 900
262 900
264 900
266 900
268 900
270 900
272 900
274 900
276 900
278 900
280 900
282 900
284 900
286 900
288 900
290 900
292 900
294 900
296 900
298 900
300 900
302 900
304 900
306 900
308 900
310 900
312 900
314 900
316 900
318 900
350 900
348 897
346 894
344 891
342 888
340 885
338 882
336 879
334 876
332 873
330 870
328 867
326 864
324 861
322 858
320 855
318 852
316 849
314 846
312 843
310 840
308 837
306 834
304 831
302 828
300 825
298 822
296 819
294 816
292 813
290 810
288 807
286 804
284 801
282 798
280 795
278 792
276 789
274 786
272 783
270 780
268 777
266 774
264 771
262 768
260 765
258 762
256 759
254 756
252 753
250 750
248 747
246 744
244 741
242 738
240 735
238 732
236 729
234 726
232 723
230 720
228 717
226 714
224 711
222 708
220 705
218 702
216 699
214 696
212 693
210 690
208 687
206 684
204 681
202 678
200 675
198 672
196 669
194 666
192 663
190 660
188 657
186 654
184 651
182 648
180 645
178 642
176 639
174 636
172 633
170 630
168 627
166 624
164 621
162 618
160 615
158 612
156 609
154 606
152 603
130 600
130 600
130 600
130 600
130 600
130 600
130 600
130 600
130 600
130 600
130 600
130 600
130 600
130 600
130 600
130 600
130 600
130 600
130 600
130 600
130 600
130 600
130 600
130 600
130 600
130 600
130 600
130 600
130 600
130 600
130 600
130 600
130 600
130 600
130 600
130 600
130 600
130 600
130 600
130 600
130 600
130 600
130 600
130 600
130 600
130 600
130 600
130 600
130 600
130 600
130 600
130 600
130 600
130 600
130 600
130 600
130 600
130 600
130 600
130 600
130 600
130 600
130 600
130 600
130 600
130 600
130 600
130 600
130 600
130 600
130 600
130 600
130 600
130 600
130 600
130 600
130 600
130 600
130 600
130 600
130 600
130 600
130 600
130 600
130 600
130 600
130 600
130 600
130 600
130 600
130 600
130 600
130 600
130 600
130 600
130 600
130 600
130 600
130 600
130 600
130 600
132 603
134 606
136 609
138 612
140 615
142 618
144 621
146 624
148 627
150 630
152 633
154 636
156 639
158 642
160 645
162 648
164 651
166 654
168 657
170 660
172 663
174 666
176 669
178 672
180 675
182 678
184 681
186 684
188 687
190 690
192 693
194 696
196 699
198 702
200 705
202 708
204 711
206 714
208 717
210 720
212 723
214 726
216 729
218 732
220 735
222 738
224 741
226 744
228 747
230 750
232 753
234 756
236 759
238 762
240 765
242 768
244 771
246 774
248 777
250 780
252 783
254 786
256 789
258 792
260 795
262 798
264 801
266 804
268 807
270 810
272 813
274 816
276 819
278 822
280 825
282 828
284 831
286 834
288 837
290 840
292 843
294 846
296 849
298 852
300 855
302 858
304 861
306 864
308 867
310 870
312 873
314 876
316 879
318 882
320 885
322 888
324 891
326 894
328 897
350 920
356 918
362 916
368 914
374 912
380 910
386 908
392 906
398 904
404 902
410 900
416 898
422 896
428 894
434 892
440 890
446 888
452 886
458 884
464 882
470 880
476 878
482 876
488 874
494 872
500 870
506 868
512 866
518 864
524 862
530 860
536 858
542 856
548 854
554 852
560 850
566 848
572 846
578 844
584 842
590 840
596 838
602 836
608 834
614 832
620 830
626 828
632 826
638 824
644 822
650 820
656 818
662 816
668 814
674 812
680 810
686 808
692 806
698 804
704 802
710 800
716 798
722 796
728 794
734 792
740 790
746 788
752 786
758 784
764 782
770 780
776 778
782 776
788 774
794 772
800 770
806 768
812 766
818 764
824 762
830 760
836 758
842 756
848 754
854 752
860 750
866 748
872 746
878 744
884 742
890 740
896 738
902 736
908 734
914 732
920 730
926 728
932 726
938 724
944 722
980 700
980 702
980 704
980 706
980 708
980 710
980 712
980 714
980 716
980 718
980 720
980 722
980 724
980 726
980 728
980 730
980 732
980 734
980 736
980 738
980 740
980 742
980 744
980 746
980 748
980 750
980 752
980 754
980 756
980 758
980 760
980 762
980 764
980 766
980 768
980 770
980 772
980 774
980 776
980 778
980 780
980 782
980 784
980 786
980 788
980 790
980 792
980 794
980 796
980 798
980 800
980 802
980 804
980 806
980 808
980 810
980 812
980 814
980 816
980 818
980 820
980 822
980 824
980 826
980 828
980 830
980 832
980 834
980 836
980 838
980 840
980 842
980 844
980 846
980 848
980 850
980 852
980 854
980 856
980 858
980 860
980 862
980 864
980 866
980 868
980 870
980 872
980 874
980 876
980 878
980 880
980 882
980 884
980 886
980 888
980 890
980 892
980 894
980 896
980 898
950 950
950 950
950 950
950 950
950 950
950 950
950 950
950 950
950 950
950 950
950 950
950 950
950 950
950 950
950 950
950 950
950 950
950 950
950 950
950 950
950 950
950 950
950 950
950 950
950 950
950 950
950 950
950 950
950 950
950 950
950 950
950 950
950 950
950 950
950 950
950 950
950 950
950 950
950 950
950 950
950 950
950 950
950 950
950 950
950 950
950 950
950 950
950 950
950 950
950 950
950 950
950 950
950 950
950 950
950 950
950 950
950 950
950 950
950 950
950 950
950 950
950 950
950 950
950 950
950 950
950 950
950 950
950 950
950 950
950 950
950 950
950 950
950 950
950 950
950 950
950 950
950 950
950 950
950 950
950 950
950 950
950 950
950 950
950 950
950 950
950 950
950 950
950 950
950 950
950 950
950 950
950 950
950 950
950 950
950 950
950 950
950 950
950 950
950 950
950 950
870 870
863 865
856 860
849 855
842 850
835 845
828 840
821 835
814 830
807 825
800 820
793 815
786 810
779 805
772 800
765 795
758 790
751 785
744 780
737 775
730 770
723 765
716 760
709 755
702 750
695 745
688 740
681 735
674 730
667 725
660 720
653 715
646 710
639 705
632 700
625 695
618 690
611 685
604 680
597 675
590 670
583 665
576 660
569 655
562 650
555 645
548 640
541 635
534 630
527 625
520 620
513 615
506 610
499 605
492 600
485 595
478 590
471 585
464 580
457 575
450 570
443 565
436 560
429 555
422 550
415 545
408 540
401 535
394 530
387 525
380 520
373 515
366 510
359 505
352 500
345 495
338 490
331 485
324 480
317 475
310 470
303 465
296 460
289 455
282 450
275 445
268 440
261 435
254 430
247 425
240 420
233 415
226 410
219 405
212 400
205 395
198 390
191 385
184 380
177 375
80 310
80 308
80 306
80 304
80 302
80 300
80 298
80 296
80 294
80 292
80 290
80 288
80 286
80 284
80 282
80 280
80 278
80 276
80 274
80 272
80 270
80 268
80 266
80 264
80 262
80 260
80 258
80 256
80 254
80 252
80 250
80 248
80 246
80 244
80 242
80 240
80 238
80 236
80 234
80 232
80 230
80 228
80 226
80 224
80 222
80 220
80 218
80 216
80 214
80 212
80 210
80 208
80 206
80 204
80 202
80 200
80 198
80 196
80 194
80 192
80 190
80 188
80 186
80 184
80 182
80 180
80 178
80 176
80 174
80 172
80 170
80 168
80 166
80 164
80 162
80 160
80 158
80 156
80 154
80 152
80 150
80 148
80 146
80 144
80 142
80 140
80 138
80 136
80 134
80 132
80 130
80 128
80 126
80 124
80 122
80 120
80 118
80 116
80 114
80 112
100 60
103 60
106 60
109 60
112 60
115 60
118 60
121 60
124 60
127 60
130 60
133 60
136 60
139 60
142 60
145 60
148 60
151 60
154 60
157 60
160 60
163 60
166 60
169 60
172 60
175 60
178 60
181 60
184 60
187 60
190 60
193 60
196 60
199 60
202 60
205 60
208 60
211 60
214 60
217 60
220 60
223 60
226 60
229 60
232 60
235 60
238 60
241 60
244 60
247 60
250 60
253 60
256 60
259 60
262 60
265 60
268 60
271 60
274 60
277 60
280 60
283 60
286 60
289 60
292 60
295 60
298 60
301 60
304 60
307 60
310 60
313 60
316 60
319 60
322 60
325 60
328 60
331 60
334 60
337 60
340 60
343 60
346 60
349 60
352 60
355 60
358 60
361 60
364 60
367 60
370 60
373 60
376 60
379 60
382 60
385 60
388 60
391 60
394 60
397 60
400 120
400 123
400 126
400 129
400 132
400 135
400 138
400 141
400 144
400 147
400 150
400 153
400 156
400 159
400 162
400 165
400 168
400 171
400 174
400 177
400 180
400 183
400 186
400 189
400 192
400 195
400 198
400 201
400 204
400 207
400 210
400 213
400 216
400 219
400 222
400 225
400 228
400 231
400 234
400 237
400 240
400 243
400 246
400 249
400 252
400 255
400 258
400 261
400 264
400 267
400 270
400 273
400 276
400 279
400 282
400 285
400 288
400 291
400 294
400 297
400 300
400 303
400 306
400 309
400 312
400 315
400 318
400 321
400 324
400 327
400 330
400 333
400 336
400 339
400 342
400 345
400 348
400 351
400 354
400 357
400 360
400 363
400 366
400 369
400 372
400 375
400 378
400 381
400 384
400 387
400 390
400 393
400 396
400 399
400 402
400 405
400 408
400 411
400 414
400 417
410 450
413 450
416 450
419 450
422 450
425 450
428 450
431 450
434 450
437 450
440 450
443 450
446 450
449 450
452 450
455 450
458 450
461 450
464 450
467 450
470 450
473 450
476 450
479 450
482 450
485 450
488 450
491 450
494 450
497 450
500 450
503 450
506 450
509 450
512 450
515 450
518 450
521 450
524 450
527 450
530 450
533 450
536 450
539 450
542 450
545 450
548 450
551 450
554 450
557 450
560 450
563 450
566 450
569 450
572 450
575 450
578 450
581 450
584 450
587 450
590 450
593 450
596 450
599 450
602 450
605 450
608 450
611 450
614 450
617 450
620 450
623 450
626 450
629 450
632 450
635 450
638 450
641 450
644 450
647 450
650 450
653 450
656 450
659 450
662 450
665 450
668 450
671 450
674 450
677 450
680 450
683 450
686 450
689 450
692 450
695 450
698 450
701 450
704 450
707 450
790 500
789 498
788 496
787 494
786 492
785 490
784 488
783 486
782 484
781 482
780 480
779 478
778 476
777 474
776 472
775 470
774 468
773 466
772 464
771 462
770 460
769 458
768 456
767 454
766 452
765 450
764 448
763 446
762 444
761 442
760 440
759 438
758 436
757 434
756 432
755 430
754 428
753 426
752 424
751 422
750 420
749 418
748 416
747 414
746 412
745 410
744 408
743 406
742 404
741 402
740 400
739 398
738 396
737 394
736 392
735 390
734 388
733 386
732 384
731 382
730 380
729 378
728 376
727 374
726 372
725 370
724 368
723 366
722 364
721 362
720 360
719 358
718 356
717 354
716 352
715 350
714 348
713 346
712 344
711 342
710 340
709 338
708 336
707 334
706 332
705 330
704 328
703 326
702 324
701 322
700 320
699 318
698 316
697 314
696 312
695 310
694 308
693 306
692 304
691 302
610 290
612 290
614 290
616 290
618 290
620 290
622 290
624 290
626 290
628 290
630 290
632 290
634 290
636 290
638 290
640 290
642 290
644 290
646 290
648 290
650 290
652 290
654 290
656 290
658 290
660 290
662 290
664 290
666 290
668 290
670 290
672 290
674 290
676 290
678 290
680 290
682 290
684 290
686 290
688 290
690 290
692 290
694 290
696 290
698 290
700 290
702 290
704 290
706 290
708 290
710 290
712 290
714 290
716 290
718 290
720 290
722 290
724 290
726 290
728 290
730 290
732 290
734 290
736 290
738 290
740 290
742 290
744 290
746 290
748 290
750 290
752 290
754 290
756 290
758 290
760 290
762 290
764 290
766 290
768 290
770 290
772 290
774 290
776 290
778 290
780 290
782 290
784 290
786 290
788 290
790 290
792 290
794 290
796 290
798 290
800 290
802 290
804 290
806 290
808 290
850 210
851 211
852 212
853 213
854 214
855 215
856 216
857 217
858 218
859 219
860 220
861 221
862 222
863 223
864 224
865 225
866 226
867 227
868 228
869 229
870 230
871 231
872 232
873 233
874 234
875 235
876 236
877 237
878 238
879 239
880 240
881 241
882 242
883 243
884 244
885 245
886 246
887 247
888 248
889 249
890 250
891 251
892 252
893 253
894 254
895 255
896 256
897 257
898 258
899 259
900 260
901 261
902 262
903 263
904 264
905 265
906 266
907 267
908 268
909 269
910 270
911 271
912 272
913 273
914 274
915 275
916 276
917 277
918 278
919 279
920 280
921 281
922 282
923 283
924 284
925 285
926 286
927 287
928 288
929 289
930 290
931 291
932 292
933 293
934 294
935 295
936 296
937 297
938 298
939 299
940 300
941 301
942 302
943 303
944 304
945 305
946 306
947 307
948 308
949 309
980 400
977 405
974 410
971 415
968 420
965 425
962 430
959 435
956 440
953 445
950 450
947 455
944 460
941 465
938 470
935 475
932 480
929 485
926 490
923 495
920 500
917 505
914 510
911 515
908 520
905 525
902 530
899 535
896 540
893 545
890 550
887 555
884 560
881 565
878 570
875 575
872 580
869 585
866 590
863 595
860 600
857 605
854 610
851 615
848 620
845 625
842 630
839 635
836 640
833 645
830 650
827 655
824 660
821 665
818 670
815 675
812 680
809 685
806 690
803 695
800 700
797 705
794 710
791 715
788 720
785 725
782 730
779 735
776 740
773 745
770 750
767 755
764 760
761 765
758 770
755 775
752 780
749 785
746 790
743 795
740 800
737 805
734 810
731 815
728 820
725 825
722 830
719 835
716 840
713 845
710 850
707 855
704 860
701 865
698 870
695 875
692 880
689 885
686 890
683 895
600 950
599 948
598 946
597 944
596 942
595 940
594 938
593 936
592 934
591 932
590 930
589 928
588 926
587 924
586 922
585 920
584 918
583 916
582 914
581 912
580 910
579 908
578 906
577 904
576 902
575 900
574 898
573 896
572 894
571 892
570 890
569 888
568 886
567 884
566 882
565 880
564 878
563 876
562 874
561 872
560 870
559 868
558 866
557 864
556 862
555 860
554 858
553 856
552 854
551 852
550 850
549 848
548 846
547 844
546 842
545 840
544 838
543 836
542 834
541 832
540 830
539 828
538 826
537 824
536 822
535 820
534 818
533 816
532 814
531 812
530 810
529 808
528 806
527 804
526 802
525 800
524 798
523 796
522 794
521 792
520 790
519 788
518 786
517 784
516 782
515 780
514 778
513 776
512 774
511 772
510 770
509 768
508 766
507 764
506 762
505 760
504 758
503 756
502 754
501 752
500 750
500 745
500 740
500 735
500 730
500 725
500 720
500 715
500 710
500 705
500 700
500 695
500 690
500 685
500 680
500 675
500 670
500 665
500 660
500 655
500 650
500 645
500 640
500 635
500 630
500 625
500 620
500 615
500 610
500 605
500 600
500 595
500 590
500 585
500 580
500 575
500 570
500 565
500 560
500 555
500 550
500 545
500 540
500 535
500 530
500 525
500 520
500 515
500 510
500 505
500 500
500 495
500 490
500 485
500 480
500 475
500 470
500 465
500 460
500 455
500 450
500 445
500 440
500 435
500 430
500 425
500 420
500 415
500 410
500 405
500 400
500 395
500 390
500 385
500 380
500 375
500 370
500 365
500 360
500 355
500 350
500 345
500 340
500 335
500 330
500 325
500 320
500 315
500 310
500 305
500 300
500 295
500 290
500 285
500 280
500 275
500 270
500 265
500 260
500 255
500 170
501 170
502 170
503 170
504 170
505 170
506 170
507 170
508 170
509 170
510 170
511 170
512 170
513 170
514 170
515 170
516 170
517 170
518 170
519 170
520 170
521 170
522 170
523 170
524 170
525 170
526 170
527 170
528 170
529 170
530 170
531 170
532 170
533 170
534 170
535 170
536 170
537 170
538 170
539 170
540 170
541 170
542 170
543 170
544 170
545 170
546 170
547 170
548 170
549 170
550 170
551 170
552 170
553 170
554 170
555 170
556 170
557 170
558 170
559 170
560 170
561 170
562 170
563 170
564 170
565 170
566 170
567 170
568 170
569 170
570 170
571 170
572 170
573 170
574 170
575 170
576 170
577 170
578 170
579 170
580 170
581 170
582 170
583 170
584 170
585 170
586 170
587 170
588 170
589 170
590 170
591 170
592 170
593 170
594 170
595 170
596 170
597 170
598 170
599 170
650 90
651 90
652 90
653 90
654 90
655 90
656 90
657 90
658 90
659 90
660 90
661 90
662 90
663 90
664 90
665 90
666 90
667 90
668 90
669 90
670 90
671 90
672 90
673 90
674 90
675 90
676 90
677 90
678 90
679 90
680 90
681 90
682 90
683 90
684 90
685 90
686 90
687 90
688 90
689 90
690 90
691 90
692 90
693 90
694 90
695 90
696 90
697 90
698 90
699 90
700 90
701 90
702 90
703 90
704 90
705 90
706 90
707 90
708 90
709 90
710 90
711 90
712 90
713 90
714 90
715 90
716 90
717 90
718 90
719 90
720 90
721 90
722 90
723 90
724 90
725 90
726 90
727 90
728 90
729 90
730 90
731 90
732 90
733 90
734 90
735 90
736 90
737 90
738 90
739 90
740 90
741 90
742 90
743 90
744 90
745 90
746 90
747 90
748 90
749 90
800 60
793 62
786 64
779 66
772 68
765 70
758 72
751 74
744 76
737 78
730 80
723 82
716 84
709 86
702 88
695 90
688 92
681 94
674 96
667 98
660 100
653 102
646 104
639 106
632 108
625 110
618 112
611 114
604 116
597 118
590 120
583 122
576 124
569 126
562 128
555 130
548 132
541 134
534 136
527 138
520 140
513 142
506 144
499 146
492 148
485 150
478 152
471 154
464 156
457 158
450 160
443 162
436 164
429 166
422 168
415 170
408 172
401 174
394 176
387 178
380 180
373 182
366 184
359 186
352 188
345 190
338 192
331 194
324 196
317 198
310 200
303 202
296 204
289 206
282 208
275 210
268 212
261 214
254 216
247 218
240 220
233 222
226 224
219 226
212 228
205 230
198 232
191 234
184 236
177 238
170 240
163 242
156 244
149 246
142 248
135 250
128 252
121 254
114 256
107 258
100 270
107 270
114 270
121 270
128 270
135 270
142 270
149 270
156 270
163 270
170 270
177 270
184 270
191 270
198 270
205 270
212 270
219 270
226 270
233 270
240 270
247 270
254 270
261 270
268 270
275 270
282 270
289 270
296 270
303 270
310 270
317 270
324 270
331 270
338 270
345 270
352 270
359 270
366 270
373 270
380 270
387 270
394 270
401 270
408 270
415 270
422 270
429 270
436 270
443 270
450 270
457 270
464 270
471 270
478 270
485 270
492 270
499 270
506 270
513 270
520 270
527 270
534 270
541 270
548 270
555 270
562 270
569 270
576 270
583 270
590 270
597 270
604 270
611 270
618 270
625 270
632 270
639 270
646 270
653 270
660 270
667 270
674 270
681 270
688 270
695 270
702 270
709 270
716 270
723 270
730 270
737 270
744 270
751 270
758 270
765 270
772 270
779 270
786 270
793 270
800 310
794 310
788 310
782 310
776 310
770 310
764 310
758 310
752 310
746 310
740 310
734 310
728 310
722 310
716 310
710 310
704 310
698 310
692 310
686 310
680 310
674 310
668 310
662 310
656 310
650 310
644 310
638 310
632 310
626 310
620 310
614 310
608 310
602 310
596 310
590 310
584 310
578 310
572 310
566 310
560 310
554 310
548 310
542 310
536 310
530 310
524 310
518 310
512 310
506 310
500 310
494 310
488 310
482 310
476 310
470 310
464 310
458 310
452 310
446 310
440 310
434 310
428 310
422 310
416 310
410 310
404 310
398 310
392 310
386 310
380 310
374 310
368 310
362 310
356 310
350 310
344 310
338 310
332 310
326 310
320 310
314 310
308 310
302 310
296 310
290 310
284 310
278 310
272 310
266 310
260 310
254 310
248 310
242 310
236 310
230 310
224 310
218 310
212 310
206 310
120 270
121 275
122 280
123 285
124 290
125 295
126 300
127 305
128 310
129 315
130 320
131 325
132 330
133 335
134 340
135 345
136 350
137 355
138 360
139 365
140 370
141 375
142 380
143 385
144 390
145 395
146 400
147 405
148 410
149 415
150 420
151 425
152 430
153 435
154 440
155 445
156 450
157 455
158 460
159 465
160 470
161 475
162 480
163 485
164 490
165 495
166 500
167 505
168 510
169 515
170 520
171 525
172 530
173 535
174 540
175 545
176 550
177 555
178 560
179 565
180 570
181 575
182 580
183 585
184 590
185 595
186 600
187 605
188 610
189 615
190 620
191 625
192 630
193 635
194 640
195 645
196 650
197 655
198 660
199 665
200 670
201 675
202 680
203 685
204 690
205 695
206 700
207 705
208 710
209 715
210 720
211 725
212 730
213 735
214 740
215 745
216 750
217 755
218 760
219 765
